-0.68313 -0.087326 0.72506
-0.52232 -0.64837 -0.5539
0.26206 -0.87993 0.39629
-0.96865 -0.16324 0.18727
0.15415 0.53769 0.82893
-0.66331 0.18353 -0.72549
-0.80484 0.47425 -0.35682
0.84124 -0.19523 -0.50419
-0.43631 -0.59634 -0.67381
-0.10897 -0.37082 0.92229
0.0061762 -0.33364 -0.94268
-0.55389 0.8308 0.054597
-0.81819 -0.088493 -0.5681
-0.73428 -0.36441 -0.57274
0.35144 0.57831 -0.73624
-0.47456 -0.27805 0.83515
-0.1969 -0.97351 0.11624
-0.87056 0.42209 -0.25291
0.17479 -0.3741 -0.91077
-0.0041984 -0.71441 -0.69971
-0.27428 0.4385 -0.85586
-0.93956 0.28646 -0.18756
-0.74081 0.6571 -0.13937
0.065317 -0.59274 -0.80274
-0.047665 -0.20552 0.97749
-0.45669 0.17157 -0.87292
-0.33551 -0.90952 0.24537
0.27309 -0.13867 0.95194
0.19589 -0.85314 -0.4835
-0.20504 -0.60051 0.77288
0.34305 0.4358 0.8321
-0.72022 0.64018 -0.26731
-0.56019 -0.54831 0.62093
-0.81141 0.14124 0.56716
0.90957 0.34669 0.22912
0.066954 0.97549 0.20963
0.6101 -0.78463 0.11014
0.94976 -0.088965 -0.30007
0.36496 -0.61108 0.70242
0.53044 0.41083 0.74152
-0.19697 -0.46801 0.86149
-0.81998 -0.062459 0.56897
0.14429 0.81584 -0.55999
-0.66946 -0.31158 0.67434
0.56335 0.59833 -0.56977
-0.4224 -0.77751 -0.4659
-0.49012 -0.39604 -0.77649
0.6411 0.22014 -0.73521
0.86122 0.30426 0.4071
0.54446 0.72837 0.41598
0.99299 0.11791 0.0082325
-0.75798 0.34426 0.55403
0.27309 -0.65744 -0.70228
-0.38675 -0.47987 -0.78749
-0.99674 -0.022577 -0.077501
0.54782 -0.66081 0.51305
0.75098 0.52582 -0.39943
0.54847 -0.52831 0.64813
0.84423 0.51928 0.13277
-0.94377 -0.086474 0.3191
0.69615 0.70936 -0.11034
0.015945 -0.024617 -0.99957
0.82703 -0.063543 -0.55855
0.043525 -0.22629 -0.97309
0.43787 -0.66106 0.60931
0.80073 -0.59778 0.038688
0.38841 -0.11207 0.91465
-0.8573 0.06126 -0.51116
-0.042329 0.95362 -0.29804
0.48809 0.33643 -0.80535
-0.07002 -0.011976 -0.99747
-0.33369 -0.25537 -0.90743
0.24351 -0.94921 0.19925
0.074992 0.081606 0.99384
-0.41079 -0.90586 0.10327
-0.73466 -0.14801 0.66209
0.28229 0.56391 0.7761
0.81909 -0.3831 0.42699
-0.36049 -0.22382 0.90551
-0.82709 0.26327 -0.4966
0.7809 -0.34224 -0.52255
-0.5994 -0.79521 0.091457
-0.85978 0.2424 0.44947
0.37051 -0.59974 -0.70925
-0.98041 -0.18901 -0.055377
-0.25068 -0.048328 -0.96686
-0.1121 -0.52764 -0.84204
-0.6558 0.64003 0.40035
0.11415 0.97193 -0.20573
-0.66065 -0.58428 0.47133
0.68792 -0.68265 -0.2465
-0.59102 0.36637 -0.71866
0.65269 0.41102 -0.63644
-0.58052 0.091032 0.80914
-0.14453 0.66049 -0.73679
-0.12395 0.10384 0.98684
0.40747 -0.90769 0.1003
-0.63711 0.5601 -0.52951
-0.62037 0.46721 -0.62997
-0.50079 0.79327 0.34632
0.45241 0.74093 -0.49633
0.07506 0.57309 -0.81605
0.67671 0.38399 0.62818
-0.50344 0.1703 0.84708
-0.11301 0.69325 0.71179
-0.19145 0.92351 0.33237
-0.64341 0.53424 0.54828
0.3188 0.30601 -0.89707
-0.2521 0.032553 0.96715
-0.10121 -0.9821 -0.15887
0.0090062 0.62695 0.77901
0.16252 -0.68989 -0.70543
0.49433 0.29711 0.81692
-0.69745 0.71639 0.018665
0.090101 0.033704 -0.99536
0.22045 0.88938 0.4005
0.3374 -0.025339 0.94102
0.16065 0.65435 0.73893
0.73302 0.63589 0.24152
0.0035047 0.92715 0.37467
0.29653 0.65491 0.6951
0.27022 0.23665 -0.93326
-0.60909 -0.67797 -0.41154
0.38496 -0.1247 -0.91447
0.89548 -0.41984 0.14782
0.050212 0.34695 -0.93654
-0.076584 -0.0035485 0.99706
-0.63483 0.72121 -0.27721
-0.74232 -0.18718 -0.64336
-0.10799 0.77962 0.61687
0.39399 0.19346 -0.89853
-0.74726 0.21435 -0.62901
0.29267 0.6737 -0.67858
0.95464 0.27456 -0.11523
0.7381 -0.21397 -0.63987
-0.78158 0.44985 0.43216
0.71439 -0.26005 0.64963
0.077903 -0.95269 0.29378
0.98471 0.051496 -0.16639
-0.26406 -0.59245 -0.7611
-0.30036 -0.76478 0.56999
-0.52697 -0.81055 0.25557
-0.53347 -0.2039 -0.82088
0.3207 0.91291 -0.25247
0.087347 -0.066188 -0.99398
0.040083 0.73945 0.67202
-0.40574 0.51342 -0.75616
0.68975 -0.60416 -0.39905
0.4343 -0.73919 0.51476
-0.77612 0.61624 0.13375
-0.32369 0.9143 0.24348
-0.68255 -0.68895 -0.2439
0.59594 -0.31341 -0.73935
0.40402 -0.33512 0.85115
-0.50254 -0.49308 -0.71016
-0.24513 0.56027 -0.79121
0.59476 -0.75695 0.27072
-0.88503 0.33214 0.3262
0.78298 -0.60713 -0.13539
0.86505 0.10122 -0.49137
-0.88283 -0.14898 -0.44543
-0.10805 -0.79654 -0.59485
0.36783 0.89292 0.25963
-0.49317 0.84669 0.19975
0.19981 0.17779 -0.96357
-0.2795 0.94881 -0.14708
-0.44034 0.34751 -0.82785
-0.70199 -0.43538 0.56361
0.89397 0.39295 -0.21543
-0.93015 -0.33889 -0.14135
-0.051272 0.24466 -0.96825
-0.038174 0.38873 0.92056
0.11635 0.99277 -0.029623
0.57303 0.81938 -0.015761
0.46621 -0.16507 0.86914
0.48823 -0.21078 -0.84688
0.26219 -0.5579 -0.78741
0.029607 -0.98931 0.14276
0.42234 0.65391 -0.62772
-0.34286 0.5257 0.77852
0.51786 0.83764 -0.17375
0.83076 -0.0089191 0.55657
-0.38221 0.91977 0.08909
-0.096678 -0.62895 -0.77141
-0.38704 -0.60364 0.69701
-0.80568 -0.39969 0.43719
-0.94325 0.32159 0.082756
-0.17525 0.88233 0.43679
-0.73864 0.017276 -0.67387
0.12623 -0.15061 -0.9805
-0.022719 -0.7129 0.7009
-0.61603 -0.43239 0.65844
0.086783 -0.92886 -0.36011
-0.53793 -0.73463 0.41347
0.17583 0.088196 -0.98046
-0.2241 0.084884 -0.97086
-0.36952 0.8479 -0.38015
0.55767 0.3625 -0.74672
0.57487 0.77378 0.26607
0.47019 0.81062 -0.34901
-0.00419 -0.12119 -0.99262
-0.86413 0.48399 -0.13793
-0.10809 -0.41244 -0.90455
-0.0016013 0.84086 -0.54125
0.99257 -0.048191 0.1117
-0.93767 -0.03309 -0.34595
-0.099136 0.5482 -0.83045
0.6084 -0.34853 0.713
0.75624 -0.61586 0.22096
0.034085 0.13692 -0.99
0.97007 0.14522 0.1946
-0.31946 -0.88162 -0.3474
0.33549 -0.3993 -0.85323
0.18449 -0.040783 -0.98199
0.85164 0.39141 -0.3486
-0.44568 0.098844 0.88972
-0.17908 -0.21943 0.95905
-0.24321 -0.94456 -0.22059
-0.030497 -0.99935 -0.019237
-0.076499 -0.21973 -0.97256
-0.0107 -0.87651 -0.48126
-0.54002 0.72341 -0.43018
-0.86729 -0.49738 -0.020741
0.56871 0.51113 0.64445
0.30174 -0.012145 -0.95331
0.97467 -0.14072 -0.17382
0.015947 0.17941 0.98364
-0.69099 -0.52623 -0.4956
0.95638 -0.27902 -0.086456
0.11148 0.29619 0.9486
0.24812 0.52595 -0.81352
-0.33824 0.84672 0.41067
0.69 -0.39871 0.6041
-0.34216 0.38136 0.85877
-0.08593 0.85495 0.51154
0.42955 0.56394 0.70531
-0.70103 0.59748 -0.38931
-0.21924 0.18115 0.95871
0.53493 0.63768 0.55427
-0.72194 0.23651 0.65028
0.40969 0.32075 -0.85397
-0.70878 -0.67613 0.20118
0.78664 0.066179 -0.61385
-0.86614 -0.40673 -0.29048
0.0991 -0.79383 -0.60002
-0.017806 0.51457 0.85726
-0.10097 0.11636 -0.98806
-0.56853 -0.29094 -0.7695
0.29449 0.092941 0.95113
-0.98355 0.032076 0.17779
-0.4751 -0.69387 0.54113
0.13476 0.91208 -0.38723
0.30985 -0.76991 0.55789
0.92295 -0.2997 -0.24155
0.53585 -0.82206 -0.19254
-0.97652 0.079861 -0.2001
-0.11215 0.96916 0.21942
0.067861 -0.24118 0.96811
0.25256 0.96014 -0.11974
0.96141 -0.20918 0.17872
-0.35894 -0.43449 0.82606
-0.84858 -0.50511 0.15742
0.48882 0.8637 0.1228
0.853 0.5189 -0.05601
0.014067 0.71149 -0.70256
0.55509 -0.74741 -0.36503
0.44938 -0.45157 -0.77081
-0.045349 -0.29727 0.95372
-0.21089 -0.70259 0.67963
0.24817 0.96122 0.12027
-0.1843 -0.17104 -0.96787
0.3206 -0.73252 -0.60053
-0.65442 0.72426 0.21723
0.89708 -0.10222 0.42989
0.24317 0.20759 0.94751
-0.18608 0.76607 -0.61523
-0.99504 -0.080926 0.057898
0.64435 0.24642 0.72394
-0.15209 -0.945 0.28956
-0.60451 -0.20934 0.7686
-0.81259 -0.23754 -0.53223
0.43509 -0.86494 0.25015
0.31523 -0.26861 -0.91021
0.0397 -0.030434 0.99875
-0.28353 0.64727 -0.70757
-0.87011 0.33394 -0.36248
0.22645 -0.97402 -0.0015046
0.77471 0.57884 -0.2545
0.67491 0.52837 -0.51509
-0.1892 0.46417 0.8653
-0.54962 -0.07918 -0.83165
0.16225 0.025107 0.98643
-0.18425 -0.86923 0.45878
-0.29477 0.68033 0.67101
-0.13663 0.37243 -0.91795
0.24293 -0.3788 0.89303
0.82231 -0.49336 -0.28355
-0.50804 -0.80053 -0.31787
-0.011773 0.90712 -0.42072
0.51927 0.2037 -0.82998
0.19194 -0.25858 0.94673
-0.6647 -0.31554 -0.67721
0.91051 -0.41331 0.011758
0.852 0.25903 -0.45497
-0.52329 -0.41207 0.74589
-0.091167 0.99024 -0.10542
0.38766 -0.80293 -0.4528
0.08673 0.21081 -0.97367
-0.89909 0.38399 0.21022
-0.3367 0.23339 0.91223
0.069042 -0.37604 0.92403
-0.40347 -0.89457 -0.19223
0.30037 0.75874 -0.578
-0.17491 0.87655 -0.4484
0.67859 0.61384 0.40338
-0.18093 -0.29793 -0.93728
-0.94723 -0.31246 0.071518
0.15945 0.27335 -0.94861
0.25887 0.36187 0.89557
-0.71878 0.052658 0.69324
0.68172 -0.37424 -0.62865
-0.44584 -0.15771 -0.88111
0.76071 0.22724 -0.60801
0.92504 0.21864 0.31063
0.1885 -0.71249 0.67589
-0.59765 0.05647 -0.79977
-0.51697 0.54467 -0.66036
0.11136 -0.81358 0.57069
-0.46956 0.70799 0.52751
-0.87859 -0.19008 0.43812
-0.1695 -0.7051 -0.68855
0.46374 -0.60109 -0.65087
-0.406 0.8869 -0.22041
-0.4861 -0.87288 -0.042195
0.81004 -0.24392 0.53323
0.76804 0.39232 -0.50617
-0.60764 -0.49489 -0.62118
-0.79909 0.53306 0.27805
-0.19341 0.97714 0.088252
0.0073223 0.99695 0.07773
-0.026309 -0.86248 0.50541
0.9074 -0.058027 -0.41623
0.29578 0.41505 -0.86038
0.034684 -0.46315 -0.8856
0.29659 0.84719 -0.4408
0.75991 -0.11737 0.63935
0.2588 -0.90878 -0.32733
-0.54996 0.24442 0.79862
-0.025971 -0.59966 0.79983
-0.61441 -0.042043 0.78787
0.2288 -0.59726 0.76872
-0.58028 0.80405 -0.12952
0.38339 0.23346 0.89359
-0.58224 -0.40119 -0.70714
0.78838 -0.45047 -0.41898
0.20369 0.34938 -0.91457
-0.87233 0.47669 0.10864
0.1028 -0.97627 -0.19059
0.57472 0.027675 -0.81788
0.88117 -0.45713 -0.12069
0.096868 -0.89496 0.43551
-0.12579 -0.098123 -0.98719
0.15444 0.15278 0.97612
-0.8919 0.028684 0.45132
-0.15874 0.0093848 -0.98728
0.96099 -0.036419 0.27419
0.46156 -0.78795 0.40755
0.54034 -0.25637 0.80144
-0.26587 -0.42324 -0.86613
-0.50268 0.39199 0.77049
0.84833 -0.43846 0.29678
-0.46324 0.0071227 -0.88621
0.26341 0.96468 0.0027494
-0.79552 0.55062 -0.25292
-0.27265 -0.96084 -0.049563
-0.82564 -0.36138 -0.43327
0.031397 -0.13882 0.98982
0.99535 -0.088243 -0.038538
0.24012 -0.030015 0.97028
-0.64817 -0.13894 -0.74872
0.87919 -0.27841 0.38668
0.41422 0.45149 -0.7903
0.79037 0.21443 0.57388
-0.22435 0.93386 -0.2785
-0.27201 -0.1789 -0.94552
-0.27622 -0.10912 0.95488
0.33499 -0.2425 0.91048
-0.17187 -0.052019 0.98374
-0.76658 0.43943 -0.46825
-0.97123 -0.12845 -0.20054
-0.11872 -0.54524 0.82983
0.69198 0.068357 -0.71868
0.33867 -0.92618 -0.16579
0.25374 0.28556 0.92416
-0.37765 -0.03795 0.92517
-0.16692 0.59139 0.78892
-0.37681 0.66688 -0.64288
-0.25523 -0.34205 0.90435
0.37321 0.70123 0.60745
-0.25975 0.79761 0.54438
0.13804 0.43781 0.88841
0.18689 0.6342 -0.75024
-0.35748 0.77729 -0.51772
0.53643 -0.6572 -0.52946
-0.91946 0.16467 -0.35704
-0.82526 0.56462 -0.012126
0.40883 0.82814 0.38346
0.88105 -0.28173 -0.37999
-0.44016 0.26345 0.8584
0.31547 -0.48458 0.81588
-0.075594 -0.10895 0.99117
-0.20466 0.21366 -0.95523
0.25306 -0.14913 -0.95589
0.097818 -0.6381 0.76371
-0.95683 0.2197 0.1903
0.42193 -0.85434 -0.30345
0.64053 -0.66369 0.38631
-0.71361 0.38275 -0.58674
-0.42626 0.90228 -0.064824
-0.78476 -0.53196 0.31808
0.66087 -0.54285 0.51823
-0.21843 -0.85035 -0.47875
-0.31401 0.27927 -0.90742
-0.10118 -0.93911 -0.32839
0.91452 -0.31309 0.25616
-0.3605 -0.0868 -0.92871
-0.78629 -0.26252 0.55931
-0.27064 0.96237 -0.02463
0.3092 0.11194 -0.94439
0.20577 0.75023 0.62834
0.65825 0.52526 0.53926
-0.33723 0.094542 -0.93666
0.44813 0.025739 0.8936
0.75576 -0.52653 0.38935
-0.55659 -0.81145 -0.17823
0.70425 0.043993 0.70858
0.93432 0.1677 -0.31452
0.17545 0.72805 -0.66269
-0.98778 0.1558 -0.0030556
0.62603 0.73261 -0.26716
0.74051 -0.059118 -0.66945
-0.10516 -0.79642 0.59553
-0.51063 0.80839 -0.29287
0.12997 -0.5107 0.84988
-0.92353 0.38193 -0.035117
-0.55532 0.2288 -0.79954
0.4505 0.024039 -0.89245
0.94223 0.32966 0.059359
0.76505 0.42522 0.48362
-0.76083 -0.54394 -0.35394
-0.0011633 0.4635 -0.88609
0.47123 -0.88134 -0.034294
0.16012 -0.26435 -0.95104
0.65641 -0.16241 0.73672
-0.49947 -0.086308 0.86202
0.082594 0.83959 0.53691
0.18512 0.94153 0.28151
-0.90327 -0.32379 0.28153
-0.043372 -0.9211 0.38691
-0.49641 0.66589 -0.55693
-0.33326 0.10335 0.93715
-0.65618 -0.67793 0.33141
0.75329 -0.41933 0.50667
0.43239 0.74986 0.50074
-0.034179 -0.47857 0.87738
-0.82742 -0.52693 -0.19419
-0.63345 0.39808 0.66353
0.47262 -0.4395 0.76386
-0.018099 0.072576 0.9972
0.28379 0.81006 0.51309
-0.65062 -0.75652 -0.066131
-0.42846 -0.31989 -0.84504
-0.075227 0.25579 0.9638
0.18071 -0.48749 -0.85422
0.57602 -0.060974 0.81516
0.63805 -0.12038 -0.76052
0.50638 0.51724 -0.68996
0.14566 0.45451 -0.87875
0.55293 0.12992 0.82303
-0.75426 -0.6545 0.052198
0.81404 0.48318 0.32229
-0.6332 0.23985 0.73589
0.66131 -0.74738 -0.063971
-0.9193 -0.23763 -0.31372
-0.49112 0.55852 0.66847
0.40141 0.91519 -0.036039
-0.0099241 0.058207 -0.99826
0.96775 -0.24485 0.059156
0.62296 0.66655 -0.40942
-0.93686 0.12867 0.32516
0.14662 -0.11878 0.98204
0.90754 0.10099 0.40765
-0.31662 -0.72721 -0.60904
0.93365 -0.18149 0.3088
-0.20279 0.32645 0.92321
0.70076 0.70858 0.082743
-0.36379 -0.83954 0.40352
0.68199 -0.50174 -0.53211
-0.76765 -0.63317 -0.09903
0.57614 -0.49201 -0.65267
